39 46 100  50.000000  0.100000 
0.000010 5 
1 31
0
1  1  2  0.003500  0.041100  0.349350
2  1  39  0.001000  0.025000  0.375000
3  2  3  0.001300  0.015100  0.128600
4  2  25  0.007000  0.008600  0.073000
5  3  4  0.001300  0.021300  0.110700
6  3  18  0.001100  0.013300  0.106900
7  4  5  0.000800  0.012800  0.06710
8  4  14  0.000800  0.012900  0.069100
9  5  6  0.000200  0.002600  0.021700
10  5  8  0.000800  0.011200  0.073800
11  6  7  0.000600  0.009200  0.056500
12  6  11  0.000700  0.008200  0.069450
13  7  8  0.000400  0.004600  0.039000
14  8  9  0.002300  0.036300  0.190200
15  9  39  0.001000  0.025000  0.600000
16  10  11  0.000400  0.004300  0.036450
17  10  13  0.000400  0.004300  0.036450
18  13  14  0.000900  0.010100  0.086150
19  14  15  0.001800  0.021700  0.183000
20  15  16  0.000900  0.009400  0.085500
21  16  17  0.000700  0.008900  0.067100
22  16  19  0.001600  0.019500  0.152000
23  16  21  0.000800  0.013500  0.127400
24  16  24  0.000300  0.005900  0.034000
25  17  18  0.000700  0.008200  0.065950
26  17  27  0.001300  0.017300  0.160800
27  21  22  0.000800  0.014000  0.128250
28  22  23  0.000600  0.009600  0.092300
29  23  24  0.002200  0.035000  0.180500
30  25  26  0.003200  0.032300  0.256500
31  26  27  0.001400  0.014700  0.119800
32  26  28  0.004300  0.047400  0.390100
33  26  29  0.005700  0.062500  0.514500
34  28  29  0.001400  0.015100  0.124500
0  
0 
1  12  11  0.001600  0.043500  1.006000  0.900000   1.100000 
2  12  13  0.001600  0.043500  1.006000  0.900000   1.100000 
3  6  31  0.000000  0.025000  1.070000  0.900000   1.100000 
4  10  32  0.000000  0.020000  1.070000  0.900000   1.100000 
5  19  33  0.000700  0.014200  1.070000  0.900000   1.100000 
6  20  34  0.000900  0.018000  1.009000  0.900000   1.100000 
7  22  35  0.000000  0.014300  1.025000  0.900000   1.100000 
8  23  36  0.000500  0.027200  1.000000  0.900000   1.100000 
9  25  37  0.000600  0.023200  1.025000  0.900000   1.100000 
10  2  30  0.000000  0.018100  1.025000  0.900000   1.100000 
11  29  38  0.000800  0.015600  1.025000  0.900000   1.100000 
12  19  20  0.000700  0.013800  1.060000  0.900000   1.100000 
0 
1  0.000000  0.000000  0.000000  0.000000  
2  0.000000  0.000000  0.000000  0.000000  
3  0.000000  0.000000  322.0000  2.400000  
4  0.000000  0.000000  500.0000  184.0000  
5  0.000000  0.000000  0.000000  0.000000  
6  0.000000  0.000000  0.000000  0.000000  
7  0.000000  0.000000  233.8000  84.00000  
8  0.000000  0.000000  522.0000  176.0000  
9  0.000000  0.000000  0.000000  0.000000  
10  0.000000  0.000000  0.000000  0.000000  
11  0.000000  0.000000  0.000000  0.000000  
12  0.000000  0.000000  7.500000  88.00000  
13  0.000000  0.000000  0.000000  0.000000  
14  0.000000  0.000000  0.000000  0.000000  
15  0.000000  0.000000  320.00000 153.0000  
16  0.000000  0.000000  329.0000  32.3000  
17  0.000000  0.000000  0.000000  0.000000  
18  0.000000  0.000000  158.0000  30.0000  
19  0.000000  0.000000  0.000000  0.000000  
20  0.000000  0.000000  628.0000  103.0000  
21  0.000000  0.000000  274.0000  115.0000  
22  0.000000  0.000000  0.000000  0.000000  
23  0.000000  0.000000  247.5000  84.60000  
24  0.000000  0.000000  308.6000  -92.0000  
25  0.000000  0.000000  224.0000  47.20000  
26  0.000000  0.000000  139.0000  17.00000  
27  0.000000  0.000000  281.0000  75.50000  
28  0.000000  0.000000  206.0000  27.60000  
29  0.000000  0.000000  283.5000  26.90000  
30  250.0000  0.000000  0.000000  0.000000  
31  0.000000  0.000000  9.200000  4.600000  
32  650.0000  0.000000  0.000000  0.000000  
33  632.0000  0.000000  0.000000  0.000000  
34  508.0000  0.000000  0.000000  0.000000  
35  650.0000  0.000000  0.000000  0.000000  
36  560.0000  0.000000  0.000000  0.000000  
37  540.0000  0.000000  0.000000  0.000000  
38  830.0000  0.000000  0.000000  0.000000  
39  1000.000 0.000000  1104.0000  250.0000  
0 
30  1.047500  -249.45000000  249.45000000   
31  0.982000  -463.26000000  463.26000000 
32  0.983100  -570.16000000  570.16000000   
33  0.997200  -534.53000000  534.53000000   
34  1.012300  -463.26000000  463.26000000   
35  1.049300  -534.53000000  534.53000000   
36  1.063500  -534.53000000  534.53000000   
37  1.027800  -498.89000000  498.89000000   
38  1.026500  -641.44000000  641.44000000   
39  1.030000  -855.25000000  855.25000000     
0 
30 0.000000 6.9000000  0.000000  0.0000000  402.50000 1     
31 0.000000 3.7000000  0.000000  0.0000000  747.50000 1    
32 0.000000 2.8000000  0.000000  0.0000000  920.00000 1     
33 0.000000 4.7000000  0.000000  0.0000000  862.50000 1     
34 0.000000 2.8000000  0.000000  0.0000000  747.50000 1     
35 0.000000 3.7000000  0.000000  0.0000000  862.50000 1    
36 0.000000 4.8000000  0.000000  0.0000000  862.50000 1     
37 0.000000 3.6000000  0.000000  0.0000000  805.00000 1     
38 0.000000 3.7000000  0.000000  0.0000000  1035.0000 1    
39 0.000000 3.9000000  0.000000  0.0000000  1380.0000 1     
0 
30 0.100000    0.031000  0.069000   0.008000  0.000000  0.000000  10.200000  0.500000   42.000000 1
31 0.295000    0.069700  0.282000   0.170000  0.000000  0.000000  6.560000  1.500000   30.300000 1
32 0.249500    0.053100  0.237000   0.087600  0.000000  0.000000  5.700000  1.500000   35.800000 1
33 0.262000    0.043600  0.258000   0.166000  0.000000  0.000000  5.690000  1.500000   28.600000 1
34 0.670000    0.132000  0.620000   0.166000  0.000000  0.000000  5.400000  0.440000   26.000000 1
35 0.254000    0.050000  0.241000   0.081400  0.000000  0.000000  7.300000  0.400000   34.800000 1
36 0.295000    0.049000  0.292000   0.186000  0.000000  0.000000  5.660000  1.500000   26.400000 1
37 0.290000    0.057000  0.280000   0.091100  0.000000  0.000000  6.700000  0.410000   24.300000 1
38 0.210600    0.057000  0.205000   0.058700  0.000000  0.000000  4.790000  1.960000   34.500000 1
39 0.020000    0.006000  0.019000   0.008000  0.000000  0.000000  7.000000  0.700000   500.000000 1
0
30 5.000000  0.060000  -0.048500  0.250000  0.040000  1.000000  0.006320  0.017120  
31 6.200000  0.050000  -0.633000  0.405000  0.057000  0.500000  0.369970  0.491590   
32 5.000000  0.060000  -0.019800  0.500000  0.080000  1.000000  0.024900  0.085290  
33 5.000000  0.060000  -0.052500  0.500000  0.080000  1.000000  0.005530  0.023110  
34 40.000000  0.020000  1.000000  0.785000  0.030000  1.000000  0.000230  0.001600  
35 5.000000  0.020000  -0.041900  0.471000  0.075000  1.246000  0.003330  0.010440  
36 40.000000  0.020000  1.000000  0.730000  0.030000  1.000000  0.278370  0.397960  
37 5.000000  0.020000  -0.047000  0.528000  0.085000  1.260000  0.004320  0.015610  
38 40.000000  0.020000  1.000000  1.400000  0.030000  1.000000  0.300530  0.375360  
39 5.000000  0.060000  -0.048500  0.250000  0.040000  1.000000  0.006320  0.017120 
0
1  0.900000  1.100000   
2  0.900000  1.100000   
3  0.900000  1.100000   
4  0.900000  1.100000   
5  0.900000  1.100000   
6  0.900000  1.100000   
7  0.900000  1.100000   
8  0.900000  1.100000   
9  0.900000  1.100000   
10  0.900000  1.100000   
11  0.900000  1.100000   
12  0.900000  1.100000   
13  0.900000  1.100000   
14  0.900000  1.100000   
15  0.900000  1.100000   
16  0.900000  1.100000   
17  0.900000  1.100000   
18  0.900000  1.100000   
19  0.900000  1.100000   
20  0.900000  1.100000   
21  0.900000  1.100000   
22  0.900000  1.100000   
23  0.900000  1.100000   
24  0.900000  1.100000   
25  0.900000  1.100000   
26  0.900000  1.100000   
27  0.900000  1.100000   
28  0.900000  1.100000   
29  0.900000  1.100000   
30  0.900000  1.100000   
31  0.900000  1.100000   
32  0.900000  1.100000   
33  0.900000  1.100000   
34  0.900000  1.100000   
35  0.900000  1.100000   
36  0.900000  1.100000   
37  0.900000  1.100000   
38  0.900000  1.100000   
39  0.900000  1.100000   
0 
