9 9 100 20 0.1
0.000001 1
1 1
0
1 4 5 0.01 0.085 0.088
2 4 6 0.017 0.092 0.079
3 5 7 0.032 0.161 0.153
4 6 9 0.039 0.17 0.179
5 7 8 0.0085 0.072 0.0745
6 8 9 0.0119 0.1008 0.1045
0 
0
1 1 4 0 0.0576 1 0.9 1.1
2 2 7 0 0.0625 1 0.9 1.1
3 3 9 0 0.0586 1 0.9 1.1
0
2 163 0 0 0
3 85 0 0 0
5 0 0 125 50
6 0 0 90 30
8 0 0 100 35
0 
1 1.040 -5 5.5
2 1.025 -5 4
3 1.025 -20 20
0
1 150 5.0 0.1100 10 250 1
2 600 1.2 0.0850 10 300 1
3 335 1.0 0.1225 10 270 1
0
1 0.146 0.0608 0.0969 0.0969 0 0 8.96 0.31 23.64 1
2 0.8958 0.1198 0.8645 0.1969 0 0 6.0 0.535 6.4 1
3 1.3125 0.1813 1.2578 0.25 0 0 5.89 0.6 3.01 1
0
1 20 0.2 1.0 0.314 0.063 0.35 0.0039 1.555
2 20 0.2 1.0 0.314 0.063 0.35 0.0039 1.555
3 20 0.2 1.0 0.314 0.063 0.35 0.0039 1.555
0
