118	179	100	28     0.1
1.e-5	5 
1  69	
0
1	1	2	0.03030	0.09990	0.01270 
2	1	3	0.01290	0.04240	0.00541 
3	4	5	0.00176	0.00798	0.00105 
4	3	5	0.02410	0.10800	0.01420 
5	5	6	0.01190	0.05400	0.00713 
6	6	7	0.00459	0.02080	0.00275 
7	8	9	0.00244	0.03050	0.58100 
8	9	10	0.00258	0.03220	0.61500 
9	4	11	0.02090	0.06880	0.00874 
10	5	11	0.02030	0.06820	0.00869 
11	11	12	0.00595	0.01960	0.00251 
12	2	12	0.01870	0.06160	0.00786 
13	3	12	0.04840	0.16000	0.02030 
14	7	12	0.00862	0.03400	0.00437 
15	11	13	0.02225	0.07310	0.00938 
16	12	14	0.02150	0.07070	0.00908 
17	13	15	0.07440	0.24440	0.03134 
18	14	15	0.05950	0.19500	0.02510 
19	12	16	0.02120	0.08340	0.01070 
20	15	17	0.01320	0.04370	0.02220 
21	16	17	0.04540	0.18010	0.02330 
22	17	18	0.01230	0.05050	0.00649 
23	18	19	0.01119	0.04930	0.00571 
24	19	20	0.02520	0.11700	0.01490 
25	15	19	0.01200	0.03940	0.00505 
26	20	21	0.01830	0.08490	0.01080 
27	21	22	0.02090	0.09700	0.01230 
28	22	23	0.03420	0.15900	0.02020 
29	23	24	0.01350	0.04920	0.02490 
30	23	25	0.01560	0.08000	0.04320 
31	25	27	0.03180	0.16300	0.08820 
32	27	28	0.01913	0.08550	0.01080 
33	28	29	0.02370	0.09430	0.01190 
34	8	30	0.00431	0.05040	0.25700 
35	26	30	0.00799	0.08600	0.45400 
36	17	31	0.04740	0.15630	0.01995 
37	29	31	0.01080	0.03310	0.00415 
38	23	32	0.03170	0.11530	0.05865 
39	31	32	0.02980	0.09850	0.01255 
40	27	32	0.02290	0.07550	0.00963 
41	15	33	0.03800	0.12440	0.01597 
42	19	34	0.07520	0.24700	0.03160 
43	35	36	0.00224	0.01020	0.00134 
44	35	37	0.01100	0.04970	0.00659 
45	33	37	0.04150	0.14200	0.01830 
46	34	36	0.00871	0.02680	0.00284 
47	34	37	0.00256	0.00940	0.00492 
48	37	39	0.03210	0.10600	0.01350 
49	37	40	0.05930	0.16800	0.02100 
50	30	38	0.00464	0.05400	0.21100 
51	39	40	0.01840	0.06050	0.00776 
52	40	41	0.01450	0.04870	0.00611 
53	40	42	0.05550	0.18300	0.02330 
54	41	42	0.04100	0.13500	0.01720 
55	43	44	0.06080	0.24540	0.03034 
56	34	43	0.04130	0.16810	0.02113 
57	44	45	0.02240	0.09010	0.01120 
58	45	46	0.04000	0.13560	0.01660 
59	46	47	0.03800	0.12700	0.01580 
60	46	48	0.06010	0.18900	0.02360 
61	47	49	0.01910	0.06250	0.00802 
62	42	49	0.07150	0.32300	0.04300 
63	42	49	0.07150	0.32300	0.04300 
64	45	49	0.06840	0.18600	0.02220 
65	48	49	0.01790	0.05050	0.00629 
66	49	50	0.02670	0.07520	0.00937 
67	49	51	0.04860	0.13700	0.01710 
68	51	52	0.02030	0.05880	0.00698 
69	52	53	0.04050	0.16350	0.02029 
70	53	54	0.02630	0.12200	0.01550 
71	49	54	0.07300	0.28900	0.03690 
72	49	54	0.08690	0.29100	0.03650 
73	54	55	0.01690	0.07070	0.01010 
74	54	56	0.00275	0.00955	0.00366 
75	55	56	0.00488	0.01510	0.00187 
76	56	57	0.03430	0.09660	0.01210 
77	50	57	0.04740	0.13400	0.01660 
78	56	58	0.03430	0.09660	0.01210 
79	51	58	0.02550	0.07190	0.00894 
80	54	59	0.05030	0.22930	0.02990 
81	56	59	0.08250	0.25100	0.02845 
82	56	59	0.08030	0.23900	0.02680 
83	55	59	0.04739	0.21580	0.02823 
84	59	60	0.03170	0.14500	0.01880 
85	59	61	0.03280	0.15000	0.01940 
86	60	61	0.00264	0.01350	0.00728 
87	60	62	0.01230	0.05610	0.00734 
88	61	62	0.00824	0.03760	0.00490 
89	63	64	0.00172	0.02000	0.10800 
90	38	65	0.00901	0.09860	0.52300 
91	64	65	0.00269	0.03020	0.19000 
92	49	66	0.01800	0.09190	0.01240 
93	49	66	0.01800	0.09190	0.01240 
94	62	66	0.04820	0.21800	0.02890 
95	62	67	0.02580	0.11700	0.01550 
96	66	67	0.02240	0.10150	0.01341 
97	65	68	0.00138	0.01600	0.31900 
98	47	69	0.08440	0.27780	0.03546 
99	49	69	0.09850	0.32400	0.04140 
100	69	70	0.03000	0.12700	0.06100 
101	24	70	0.00221	0.41150	0.05099 
102	70	71	0.00882	0.03550	0.00439 
103	24	72	0.04880	0.19600	0.02440 
104	71	72	0.04460	0.18000	0.02222 
105	71	73	0.00866	0.04540	0.00589 
106	70	74	0.04010	0.13230	0.01684 
107	70	75	0.04280	0.14100	0.01800 
108	69	75	0.04050	0.12200	0.06200 
109	74	75	0.01230	0.04060	0.00517 
110	76	77	0.04440	0.14800	0.01840 
111	69	77	0.03090	0.10100	0.05190 
112	75	77	0.06010	0.19990	0.02489 
113	77	78	0.00376	0.01240	0.00632 
114	78	79	0.00546	0.02440	0.00324 
115	77	80	0.01700	0.04850	0.02360 
116	77	80	0.02940	0.10500	0.01140 
117	79	80	0.01560	0.07040	0.00935 
118	68	81	0.00175	0.02020	0.40400 
119	77	82	0.02980	0.08530	0.04087 
120	82	83	0.01120	0.03665	0.01898 
121	83	84	0.06250	0.13200	0.01290 
122	83	85	0.04300	0.14800	0.01740 
123	84	85	0.03020	0.06410	0.00617 
124	85	86	0.03500	0.12300	0.01380 
125	86	87	0.02828	0.20740	0.02225 
126	85	88	0.02000	0.10200	0.01380 
127	85	89	0.02390	0.17300	0.02350 
128	88	89	0.01390	0.07120	0.00967 
129	89	90	0.05180	0.18800	0.02640 
130	89	90	0.02380	0.09970	0.05300 
131	90	91	0.02540	0.08360	0.01070 
132	89	92	0.00990	0.05050	0.02740 
133	89	92	0.03930	0.15810	0.02070 
134	91	92	0.03870	0.12720	0.01634 
135	92	93	0.02580	0.08480	0.01090 
136	92	94	0.04810	0.15800	0.02030 
137	93	94	0.02230	0.07320	0.00938 
138	94	95	0.01320	0.04340	0.00555 
139	80	96	0.03560	0.18200	0.02470 
140	82	96	0.01620	0.05300	0.02720 
141	94	96	0.02690	0.08690	0.01150 
142	80	97	0.01830	0.09340	0.01270 
143	80	98	0.02380	0.10800	0.01430 
144	80	99	0.04540	0.20600	0.02730 
145	92	100	0.06480	0.29500	0.02360 
146	94	100	0.01780	0.05800	0.03020 
147	95	96	0.01710	0.05470	0.00737 
148	96	97	0.01730	0.08850	0.01200 
149	98	100	0.03970	0.17900	0.02380 
150	99	100	0.01800	0.08130	0.01080 
151	100	101	0.02770	0.12620	0.01640 
152	92	102	0.01230	0.05590	0.00732 
153	101	102	0.02460	0.11200	0.01470 
154	100	103	0.01600	0.05250	0.02680 
155	100	104	0.04510	0.20400	0.02705 
156	103	104	0.04660	0.15840	0.02035 
157	103	105	0.05350	0.16250	0.02040 
158	100	106	0.06050	0.22900	0.03100 
159	104	105	0.00994	0.03780	0.00493 
160	105	106	0.01400	0.05470	0.00717 
161	105	107	0.05300	0.18300	0.02360 
162	105	108	0.02610	0.07030	0.00922 
163	106	107	0.05300	0.18300	0.02360 
164	108	109	0.01050	0.02880	0.00380 
165	103	110	0.03906	0.18130	0.02305 
166	109	110	0.02780	0.07620	0.01010 
167	110	111	0.02200	0.07550	0.01000 
168	110	112	0.02470	0.06400	0.03100 
169	17	113	0.00913	0.03010	0.00384 
170	32	113	0.06150	0.20300	0.02590 
171	32	114	0.01350	0.06120	0.00814 
172	27	115	0.01640	0.07410	0.00986 
173	114	115	0.00230	0.01040	0.00138 
174	68	116	0.00034	0.00405	0.08200 
175	12	117	0.03290	0.14000	0.01790 
176	75	118	0.01450	0.04810	0.00599 
177	76	118	0.01640	0.05440	0.00678      
0
5	-0.400 
34	 0.140 
37	 -0.250 
44	 0.100 
45	 0.100 
46	 0.100 
48	 0.150 
74	 0.120 
79	 0.200 
82	 0.200 
83	 0.100 
105	 0.200 
107	 0.060
110	 0.060     
0
1	8	5	0.0000	0.0267	0.9850	0.9000	1.1000 
2	26	25	0.0000	0.0382	0.9600	0.9000	1.1000 
3	30	17	0.0000	0.0388	0.9600	0.9000	1.1000 
4	38	37	0.0000	0.0375	0.9350	0.9000	1.1000 
5	63	59	0.0000	0.0386	0.9600	0.9000	1.1000 
6	64	61	0.0000	0.0268	0.9850	0.9000	1.1000 
7	65	66	0.0000	0.0370	0.9350	0.9000	1.1000 
8	68	69	0.0000	0.0370	0.9350	0.9000	1.1000 
9	81	80	0.0000	0.0370	0.9350	0.9000	1.1000 
10	92	100	0.0648  0.2950	1.	0.9	1.1
11	106	107	0.0530  0.1830	1.	0.9	1.1
0
1	   0.00	   0.00	  51.00	  27.00 
2	   0.00	   0.00	  20.00	   9.00 
3	   0.00	   0.00	  39.00	  10.00 
4	  -9.00	   0.00	  30.00	  12.00 
6	   0.00	   0.00	  52.00	  22.00 
7	   0.00	   0.00	  19.00	   2.00 
8	 -28.00	   0.00	   0.00	   0.00 
10	 450.00	   0.00	   0.00	   0.00 
11	   0.00	   0.00	  70.00	  23.00 
12	  85.00	   0.00	  47.00	  10.00 
13	   0.00	   0.00	  34.00	  16.00 
14	   0.00	   0.00	  14.00	   1.00 
15	   0.00	   0.00	  90.00	  30.00 
16	   0.00	   0.00	  25.00	  10.00 
17	   0.00	   0.00	  11.00	   3.00 
18	   0.00	   0.00	  60.00	  34.00 
19	   0.00	   0.00	  45.00	  25.00 
20	   0.00	   0.00	  18.00	   3.00 
21	   0.00	   0.00	  14.00	   8.00 
22	   0.00	   0.00	  10.00	   5.00 
23	   0.00	   0.00	   7.00	   3.00 
24	 -13.00	   0.00	   0.00	   0.00 
25	 220.00	   0.00	   0.00	   0.00 
26	 314.00	   0.00	   0.00	   0.00 
27	  -9.00	   0.00	  62.00	  13.00 
28	   0.00	   0.00	  17.00	   7.00 
29	   0.00	   0.00	  24.00	   4.00 
31	   7.00	   0.00	  43.00	  27.00 
32	   0.00	   0.00	  59.00	  23.00 
33	   0.00	   0.00	  23.00	   9.00 
34	   0.00	   0.00	  59.00	  26.00 
35	   0.00	   0.00	  33.00	   9.00 
36	   0.00	   0.00	  31.00	  17.00 
39	   0.00	   0.00	  27.00	  11.00 
40	 -46.00	   0.00	  20.00	  23.00 
41	   0.00	   0.00	  37.00	  10.00 
42	 -59.00	   0.00	  37.00	  23.00 
43	   0.00	   0.00	  18.00	   7.00 
44	   0.00	   0.00	  16.00	   8.00 
45	   0.00	   0.00	  53.00	  22.00 
46	  19.00	   0.00	  28.00	  10.00 
47	   0.00	   0.00	  34.00	   0.00 
48	   0.00	   0.00	  20.00	  11.00 
49	 204.00	   0.00	  87.00	  30.00 
50	   0.00	   0.00	  17.00	   4.00 
51	   0.00	   0.00	  17.00	   8.00 
52	   0.00	   0.00	  18.00	   5.00 
53	   0.00	   0.00	  23.00	  11.00 
54	  48.00	   0.00	 113.00	  32.00 
55	   0.00	   0.00	  63.00	  22.00 
56	   0.00	   0.00	  84.00	  18.00 
57	   0.00	   0.00	  12.00	   3.00 
58	   0.00	   0.00	  12.00	   3.00 
59	 155.00	   0.00	 277.00	 113.00 
60	   0.00	   0.00	  78.00	   3.00 
61	 160.00	   0.00	   0.00	   0.00 
62	   0.00	   0.00	  77.00	  14.00 
65	 391.00	   0.00	   0.00	   0.00 
66	 392.00	   0.00	  39.00	  18.00 
67	   0.00	   0.00	  28.00	   7.00 
69	 516.40	   0.00	   0.00	   0.00 
70	   0.00	   0.00	  66.00	  20.00 
72	 -12.00	   0.00	   0.00	   0.00 
73	  -6.00	   0.00	   0.00	   0.00 
74	   0.00	   0.00	  68.00	  27.00 
75	   0.00	   0.00	  47.00	  11.00 
76	   0.00	   0.00	  68.00	  36.00 
77	   0.00	   0.00	  61.00	  28.00 
78	   0.00	   0.00	  71.00	  26.00 
79	   0.00	   0.00	  39.00	  32.00 
80	 477.00	   0.00	 130.00	  26.00 
82	   0.00	   0.00	  54.00	  27.00 
83	   0.00	   0.00	  20.00	  10.00 
84	   0.00	   0.00	  11.00	   7.00 
85	   0.00	   0.00	  24.00	  15.00 
86	   0.00	   0.00	  21.00	  10.00 
87	   4.00	   0.00	   0.00	   0.00 
88	   0.00	   0.00	  48.00	  10.00 
89	 607.00	   0.00	   0.00	   0.00 
90	 -85.00	   0.00	  78.00	  42.00 
91	 -10.00	   0.00	   0.00	   0.00 
92	   0.00	   0.00	  65.00	  10.00 
93	   0.00	   0.00	  12.00	   7.00 
94	   0.00	   0.00	  30.00	  16.00 
95	   0.00	   0.00	  42.00	  31.00 
96	   0.00	   0.00	  38.00	  15.00 
97	   0.00	   0.00	  15.00	   9.00 
98	   0.00	   0.00	  34.00	   8.00 
99	 -42.00	   0.00	   0.00	   0.00 
100	 252.00	   0.00	  37.00	  18.00 
101	   0.00	   0.00	  22.00	  15.00 
102	   0.00	   0.00	   5.00	   3.00 
103	  40.00	   0.00	  23.00	  16.00 
104	   0.00	   0.00	  38.00	  25.00 
105	   0.00	   0.00	  31.00	  26.00 
106	   0.00	   0.00	  43.00	  16.00 
107	 -22.00	   0.00	  28.00	  12.00 
108	   0.00	   0.00	   2.00	   1.00 
109	   0.00	   0.00	   8.00	   3.00 
110	   0.00	   0.00	  39.00	  30.00 
111	  36.00	   0.00	   0.00	   0.00 
112	 -43.00	   0.00	  25.00	  13.00 
113	  -6.00	   0.00	   0.00	   0.00 
114	   0.00	   0.00	   8.00	   3.00 
115	   0.00	   0.00	  22.00	   7.00 
116	-184.00	   0.00	   0.00	   0.00 
117	   0.00	   0.00	  20.00	   8.00 
118	   0.00	   0.00	  33.00	  15.00 
0
1	0.9550	 -5.00	 15.00 
4	0.9980	-300.00	300.00 
6	0.9900	-13.00	 50.00 
8	1.0150	-300.00	300.00 
10	1.0500	-147.00	200.00 
12	0.9900	-35.00	120.00 
15	0.9700	-10.00	 30.00 
18	0.9730	-16.00	 50.00 
19	0.9620	 -8.00	 24.00 
24	0.9920	-300.00	300.00 
25	1.0500	-47.00	140.00 
26	1.0150	-1000  1000.00 
27	0.9680	-300.00	300.00 
31	0.9670	-300.00	300.00 
32	0.9630	-14.00	 42.00 
34	0.9840	 -8.00	 24.00 
36	0.9800	 -8.00	 24.00 
40	0.9700	-300.00	300.00 
42	0.9850	-300.00	300.00 
46	1.0050	-100.00	100.00 
49	1.0250	-85.00	210.00 
54	0.9550	-300.00	300.00 
55	0.9520	 -8.00	 23.00 
56	0.9540	 -8.00	 15.00 
59	0.9850	-60.00	180.00 
61	0.9950	-100.00	300.00 
62	0.9980	-20.00	 20.00 
65	1.0050	-67.00	200.00 
66	1.0500	-67.00	200.00 
70	0.9840	-10.00	 32.00 
72	0.9800	-100.00	100.00 
73	0.9910	-100.00	100.00 
74	0.9580	 -6.00	  9.00 
76	0.9430	 -8.00	 23.00 
77	1.0060	-20.00	 70.00 
80	1.0400	-165.00	280.00 
85	0.9850	 -8.00	 23.00 
87	1.0150	-100.00	1000.00 
89	1.0050	-210.00	300.00 
90	0.9850	-300.00	300.00 
91	0.9800	-100.00	100.00 
92	0.9900	 -3.00	  9.00 
99	1.0100	-100.00	100.00 
100	1.0170	-50.00	155.00 
103	1.0100	-15.00	 40.00 
104	0.9710	 -8.00	 23.00 
105	0.9650	 -8.00	 23.00 
107	0.9520	-200.00	200.00 
110	0.9730	 -8.00	 23.00 
111	0.9800	-100.00	1000.00 
112	0.9750	-100.00	1000.00 
113	0.9930	-100.00	200.00 
116	1.0050	-1000.0 1000.00 
69   1.035   -300   300
0
10  0.000000  1.25      0.000000  100.0     600.07000 1
69  0.000000  1.000000  0.000000  100.0000  800.00000 1 
80  0.000000  1.230000  0.000000  100.0000  600.00000 1  
12  0.000000  2.6       0.000000  60.0000   200.00000 1   
25  0.000000  1.500000  0.000000  50.0000   300.00000 1   
49  0.000000  2.100000  0.000000  100.0000  400.00000 1  
100  0.000000 1.600000  0.000000  100.0000  400.00000 1  
26  0.000000  1.500000  0.000000  100.0000  400.00000 1  
31  0.000000  0.000000  0.000000  0.000000  99.000000 0 
46  0.000000  0.000000  0.000000  0.000000  99.000000 0  
87  0.000000  0.000000  0.000000  0.000000  99.000000 0  
54  0.000000  2.000000  0.000000  20.0000   300.00000 1  
103 0.000000  2.500000  0.000000  20.0000   200.00000 1   
111 0.000000  2.400000  0.000000  10.0000   200.00000 1  
59  0.000000  1.600000  0.000000  50.0000   350.0000  1  
61  0.000000  1.500000  0.000000  50.0000   400.00000 1  
65  0.000000  1.500000  0.000000  100.0000  500.00000 1
66  0.000000  1.500000  0.000000  100.0000  500.00000 1  
89  0.000000  1.200000  0.000000  100.0000  800.00000 1  
1   0.000000  0.000000  0.000000  0.000000  99.000000 0  
6   0.000000  0.000000  0.000000  0.000000  99.000000 0  
15  0.000000  0.000000  0.000000  0.000000  99.000000 0  
19  0.000000  0.000000  0.000000  0.000000  99.000000 0  
32  0.000000  0.000000  0.000000  0.000000  99.000000 0 
34  0.000000  0.000000  0.000000  0.000000  99.000000 0   
36  0.000000  0.000000  0.000000  0.000000  99.000000 0 
55  0.000000  0.000000  0.000000  0.000000  99.000000 0   
56  0.000000  0.000000  0.000000  0.000000  99.000000 0   
62  0.000000  0.000000  0.000000  0.000000  99.000000 0 
74  0.000000  0.000000  0.000000  0.000000  99.000000 0   
76  0.000000  0.000000  0.000000  0.000000  99.000000 0  
77  0.000000  0.000000  0.000000  0.000000  99.000000 0  
85  0.000000  0.000000  0.000000  0.000000  99.000000 0  
92  0.000000  0.000000  0.000000  0.000000  99.000000 0   
104 0.000000  0.000000  0.000000  0.000000  99.000000 0   
105 0.000000  0.000000  0.000000  0.000000  99.000000 0 
110 0.000000  0.000000  0.000000  0.000000  99.000000 0 
18  0.000000  0.000000  0.000000  0.000000  99.000000 0   
70  0.000000  0.000000  0.000000  0.000000  99.000000 0  
4   0.000000  0.000000  0.000000  0.000000  99.000000 0   
24  0.000000  0.000000  0.000000  0.000000  99.000000 0  
27  0.000000  0.000000  0.000000  0.000000  99.000000 0   
72  0.000000  0.000000  0.000000  0.000000  99.000000 0   
73  0.000000  0.000000  0.000000  0.000000  99.000000 0   
8   0.000000  0.000000  0.000000  0.000000  99.000000 0  
91  0.000000  0.000000  0.000000  0.000000  99.000000 0  
107 0.000000  0.000000  0.000000  0.000000  99.000000 0  
40  0.000000  0.000000  0.000000  0.000000  99.000000 0   
113 0.000000  0.000000  0.000000  0.000000  99.000000 0   
42  0.000000  0.000000  0.000000  0.000000  99.000000 0   
99  0.000000  0.000000  0.000000  0.000000  99.000000 0   
90  0.000000  0.000000  0.000000  0.000000  99.000000 0   
112 0.000000  0.000000  0.000000  0.000000  99.000000 0   
116 0.000000  0.000000  0.000000  0.000000  99.000000 0  
0
10  0.357627    0.047458  0.342373   0.083051  0.000000  11.800000  0.557300  0.137100   13.682100 1
69  0.357627    0.047458  0.342373   0.083051  0.000000  11.800000  0.557300  0.137100   13.682100 1
80  0.357627    0.047458  0.342373   0.083051  0.000000  11.800000  0.557300  0.137100   13.682100 1
12  0.976000    0.139200  0.928000   0.200000  0.000000  2.500000   8.970000  0.500000   5.960000 1
25  0.590909    0.096061  0.581818   0.339394  0.000000  6.600000   0.975400  0.875000   9.919800 1
49  0.590909    0.096061  0.581818   0.339394  0.000000  6.600000   0.975400  0.875000   9.919800 1 
100  0.590909    0.096061  0.581818   0.339394  0.000000  6.600000   0.975400  0.875000   9.919800 1
26  0.430927    0.066780  0.426073   0.246439  0.000000  8.200000   0.841800  0.867600   15.186400 1
31  1.400000    0.246667  1.306667   0.480000  0.000000  1.500000   1.074800  0.110200   4.640250 0
46  1.400000    0.246667  1.306667   0.480000  0.000000  1.500000   1.074800  0.110200   4.640250 0
87  1.400000    0.246667  1.306667   0.480000  0.000000  1.500000   1.074800  0.110200   4.640250 0
54  1.180000    0.220000  1.050000   0.380000  0.000000  2.000000   1.100000  0.108600   4.985000 1
103  1.180000    0.220000  1.050000   0.380000  0.000000  2.000000   1.100000  0.108600   4.985000 1
111  1.180000    0.220000  1.050000   0.380000  0.000000  2.000000   1.100000  0.108600   4.985000 1 
59  0.673391    0.139056  0.664378   0.393991  0.000000  4.660000   1.061400  0.889500   9.604260 1
61  0.673391    0.139056  0.664378   0.393991  0.000000  4.660000   1.061400  0.889500   9.604260 1 
65  0.332031    0.052734  0.322266   0.091797  0.000000  10.240000  0.603500  0.136700   13.470720 1
66  0.332031    0.052734  0.322266   0.091797  0.000000  10.240000  0.603500  0.136700   13.470720 1
89  0.261437    0.049461  0.258323   0.153892  0.000000  16.700000  5.690000  1.500000   22.059865 1
1  7.076000    1.216000  3.420000   2.318000  0.000000  0.000000   8.000000  0.008000   0.300000 0 
6  7.076000    1.216000  3.420000   2.318000  0.000000  0.000000   8.000000  0.008000   0.300000 0 
15  7.076000    1.216000  3.420000   2.318000  0.000000  0.000000   8.000000  0.008000   0.300000 0 
19  7.076000    1.216000  3.420000   2.318000  0.000000  0.000000   8.000000  0.008000   0.300000 0
32  7.076000    1.216000  3.420000   2.318000  0.000000  0.000000   8.000000  0.008000   0.300000 0    
34  7.076000    1.216000  3.420000   2.318000  0.000000  0.000000   8.000000  0.008000   0.300000 0
36  7.076000    1.216000  3.420000   2.318000  0.000000  0.000000   8.000000  0.008000   0.300000 0 
55  7.076000    1.216000  3.420000   2.318000  0.000000  0.000000   8.000000  0.008000   0.300000 0 
56  7.076000    1.216000  3.420000   2.318000  0.000000  0.000000   8.000000  0.008000   0.300000 0 
62  7.076000    1.216000  3.420000   2.318000  0.000000  0.000000   8.000000  0.008000   0.300000 0  
74  7.076000    1.216000  3.420000   2.318000  0.000000  0.000000   8.000000  0.008000   0.300000 0
76  7.076000    1.216000  3.420000   2.318000  0.000000  0.000000   8.000000  0.008000   0.300000 0 
77  7.076000    1.216000  3.420000   2.318000  0.000000  0.000000   8.000000  0.008000   0.300000 0 
85  7.076000    1.216000  3.420000   2.318000  0.000000  0.000000   8.000000  0.008000   0.300000 0 
92  7.076000    1.216000  3.420000   2.318000  0.000000  0.000000   8.000000  0.008000   0.300000 0
104  7.076000    1.216000  3.420000   2.318000  0.000000  0.000000   8.000000  0.008000   0.300000 0 
105  7.076000    1.216000  3.420000   2.318000  0.000000  0.000000   8.000000  0.008000   0.300000 0 
110  7.076000    1.216000  3.420000   2.318000  0.000000  0.000000   8.000000  0.008000   0.300000 0 
18   5.932500    0.857500  2.930000   0.430000  0.000000  0.000000   11.600000 0.159000   0.608000 0 
70  5.932500    0.857500  2.930000   0.430000  0.000000  0.000000   11.600000 0.159000   0.608000 0 
4    5.000000    0.928000  4.880000   2.860000  0.000000  0.500000   4.750000  1.500000   1.254000 0  
24  5.000000    0.928000  4.880000   2.860000  0.000000  0.500000   4.750000  1.500000   1.254000 0 
27  5.000000    0.928000  4.880000   2.860000  0.000000  0.500000   4.750000  1.500000   1.254000 0 
72  5.000000    0.928000  4.880000   2.860000  0.000000  0.500000   4.750000  1.500000   1.254000 0
73  5.000000    0.928000  4.880000   2.860000  0.000000  0.500000   4.750000  1.500000   1.254000 0   
8   3.967129    0.654576  3.887787   0.170020  0.000000  0.705800   5.500000  0.008000   1.584274 0 
91   3.967129    0.654576  3.887787   0.170020  0.000000  0.705800   5.500000  0.008000   1.584274 0
107  3.967129    0.654576  3.887787   0.170020  0.000000  0.705800   5.500000  0.008000   1.584274 0  
40   2.480469    0.408203  2.421875   1.660156  0.000000  1.024000   6.600000  0.008000   2.599936 0
113  2.480469    0.408203  2.421875   1.660156  0.000000  1.024000   6.600000  0.008000   2.599936 0
42  1.400000    0.246667  1.306667   0.480000  0.000000  1.500000   6.100000  0.300000   4.639500 0
99  1.400000    0.246667  1.306667   0.480000  0.000000  1.500000   6.100000  0.300000   4.639500 0
90  1.180000    0.220000  1.050000   0.380000  0.000000  2.000000   5.900000  0.300000   4.985000 0
112 1.180000    0.220000  1.050000   0.380000  0.000000  2.000000   5.900000  0.300000   4.985000 0
116 0.468229    0.084375  0.463021   0.273698  0.000000  7.680000   5.210000  1.500000   10.06464 0 
0
10   200.000000  0.357500  1.000000   0.011000  0.052900  1.000000  0.000000  0.000000   
69   200.000000  0.357500  1.000000   0.011000  0.052900  1.000000  0.000000  0.000000     
80   200.000000  0.357500  1.000000   0.011000  0.052900  1.000000  0.000000  0.000000     
12   25.000000   0.200000  -0.061000  0.675800  0.108000  0.350000  0.001600  1.635300     
25   400.000000  0.050000  -0.170000  0.950000  0.040000  1.000000  0.002700  0.386300    
49   400.000000  0.050000  -0.170000  0.950000  0.040000  1.000000  0.002700  0.386300    
100  400.000000  0.050000  -0.170000  0.950000  0.040000  1.000000  0.002700  0.386300   
26   400.000000  0.020000  1.000000   0.920000  0.030000  1.000000  0.165800  0.390900     
31   20.000000   0.050000  1.000000   1.980000  0.000000  0.100000  0.001600  1.713000     
46   20.000000   0.050000  1.000000   1.980000  0.000000  0.100000  0.001600  1.713000     
87   20.000000   0.050000  1.000000   1.980000  0.000000  0.100000  0.001600  1.713000     
54   25.000000   0.200000  -0.05820   0.654400  0.105000  0.350000  0.001500  1.583800     
103  25.000000   0.200000  -0.05820   0.654400  0.105000  0.350000  0.001500  1.583800    
111  25.000000   0.200000  -0.05820   0.654400  0.105000  0.350000  0.001500  1.583800    
59   250.000000  0.060000  1.000000   0.613000  0.053000  0.330000  0.000000  0.000000     
61   250.000000  0.060000  1.000000   0.613000  0.053000  0.330000  0.000000  0.000000     
65   200.000000  0.395000  1.000000   0.008000  0.063500  1.000000  0.000000  0.000000    
66   200.000000  0.395000  1.000000   0.008000  0.063500  1.000000  0.000000  0.000000    
89   200.000000  0.020000  1.000000   0.942000  0.030000  1.000000  0.023000  0.947500   
1    200.000000  0.050000  1.000000   0.950000  0.040000  1.000000  0.002700  1.035500    
6    200.000000  0.050000  1.000000   0.950000  0.040000  1.000000  0.002700  1.035500   
15   200.000000  0.050000  1.000000   0.950000  0.040000  1.000000  0.002700  1.035500   
19   200.000000  0.050000  1.000000   0.950000  0.040000  1.000000  0.002700  1.035500   
32   200.000000  0.050000  1.000000   0.950000  0.040000  1.000000  0.002700  1.035500   
34   200.000000  0.050000  1.000000   0.950000  0.040000  1.000000  0.002700  1.035500   
36   200.000000  0.050000  1.000000   0.950000  0.040000  1.000000  0.002700  1.035500   
55   200.000000  0.050000  1.000000   0.950000  0.040000  1.000000  0.002700  1.035500   
56   200.000000  0.050000  1.000000   0.950000  0.040000  1.000000  0.002700  1.035500   
62   200.000000  0.050000  1.000000   0.950000  0.040000  1.000000  0.002700  1.035500   
74   200.000000  0.050000  1.000000   0.950000  0.040000  1.000000  0.002700  1.035500   
76   200.000000  0.050000  1.000000   0.950000  0.040000  1.000000  0.002700  1.035500   
77   200.000000  0.050000  1.000000   0.950000  0.040000  1.000000  0.002700  1.035500   
85   200.000000  0.050000  1.000000   0.950000  0.040000  1.000000  0.002700  1.035500   
92   200.000000  0.050000  1.000000   0.950000  0.040000  1.000000  0.002700  1.035500   
104  200.000000  0.050000  1.000000   0.950000  0.040000  1.000000  0.002700  1.035500   
105  200.000000  0.050000  1.000000   0.950000  0.040000  1.000000  0.002700  1.035500   
110  200.000000  0.050000  1.000000   0.950000  0.040000  1.000000  0.002700  1.035500   
18   200.000000  0.050000  1.000000   0.950000  0.040000  1.000000  0.002700  0.688400   
70   200.000000  0.050000  1.000000   0.950000  0.040000  1.000000  0.002700  0.688400   
4    20.000000   0.050000  1.000000   0.700000  0.000000  0.008000  0.039200  0.880900       
24   20.000000   0.050000  1.000000   0.700000  0.000000  0.008000  0.039200  0.880900     
27   20.000000   0.050000  1.000000   0.700000  0.000000  0.008000  0.039200  0.880900     
72   20.000000   0.050000  1.000000   0.700000  0.000000  0.008000  0.039200  0.880900     
73   20.000000   0.050000  1.000000   0.700000  0.000000  0.008000  0.039200  0.880900     
8    57.140000   0.050000  -0.044500  0.500000  0.080000  1.000000  0.001200  1.210100     
91   57.140000   0.050000  -0.044500  0.500000  0.080000  1.000000  0.001200  1.210100     
107  57.140000   0.050000  -0.044500  0.500000  0.080000  1.000000  0.001200  1.210100   
40   400.000000  0.050000  -0.076900  1.370000  0.040000  1.000000  0.013700  0.677400   
113  400.000000  0.050000  -0.076900  1.370000  0.040000  1.000000  0.013700  0.677400  
42   20.000000   0.050000  1.000000   1.980000  0.000000  0.008000  0.001600  1.713000     
99   20.000000   0.050000  1.000000   1.980000  0.000000  0.008000  0.001600  1.713000     
90   25.000000   0.020000  -0.058200  0.654400  0.105000  0.350000  0.001500  1.583800     
112  25.000000   0.020000  -0.058200  0.654400  0.105000  0.350000  0.001500  1.583800    
116  400.000000  0.020000  1.000000   0.812000  0.060000  1.000000  0.157200  0.290900    
0
1  0.900000  1.100000   
2  0.900000  1.100000   
3  0.900000  1.100000   
4  0.900000  1.100000   
5  0.900000  1.100000   
6  0.900000  1.100000   
7  0.900000  1.100000   
8  0.900000  1.100000   
9  0.900000  1.100000   
10  0.900000  1.100000   
11  0.900000  1.100000   
12  0.900000  1.100000   
13  0.900000  1.100000   
14  0.900000  1.100000   
15  0.900000  1.100000   
16  0.900000  1.100000   
17  0.900000  1.100000   
18  0.900000  1.100000   
19  0.900000  1.100000   
20  0.900000  1.100000   
21  0.900000  1.100000   
22  0.900000  1.100000   
23  0.900000  1.100000   
24  0.900000  1.100000   
25  0.900000  1.100000   
26  0.900000  1.100000   
27  0.900000  1.100000   
28  0.900000  1.100000   
29  0.900000  1.100000   
30  0.900000  1.100000   
31  0.900000  1.100000   
32  0.900000  1.100000   
33  0.900000  1.100000   
34  0.900000  1.100000   
35  0.900000  1.100000   
36  0.900000  1.100000   
37  0.900000  1.100000   
38  0.900000  1.100000   
39  0.900000  1.100000   
40  0.900000  1.100000   
41  0.900000  1.100000   
42  0.900000  1.100000   
43  0.900000  1.100000   
44  0.900000  1.100000   
45  0.900000  1.100000   
46  0.900000  1.100000   
47  0.900000  1.100000   
48  0.900000  1.100000   
49  0.900000  1.100000   
50  0.900000  1.100000   
51  0.900000  1.100000   
52  0.900000  1.100000   
53  0.900000  1.100000   
54  0.900000  1.100000   
55  0.900000  1.100000   
56  0.900000  1.100000   
57  0.900000  1.100000   
58  0.900000  1.100000   
59  0.900000  1.100000   
60  0.900000  1.100000   
61  0.900000  1.100000   
62  0.900000  1.100000   
63  0.900000  1.100000   
64  0.900000  1.100000   
65  0.900000  1.100000   
66  0.900000  1.100000   
67  0.900000  1.100000   
68  0.900000  1.100000   
69  0.900000  1.100000   
70  0.900000  1.100000   
71  0.900000  1.100000   
72  0.900000  1.100000   
73  0.900000  1.100000   
74  0.900000  1.100000   
75  0.900000  1.100000   
76  0.900000  1.100000   
77  0.900000  1.100000   
78  0.900000  1.100000   
79  0.900000  1.100000   
80  0.900000  1.100000   
81  0.900000  1.100000   
82  0.900000  1.100000   
83  0.900000  1.100000   
84  0.900000  1.100000   
85  0.900000  1.100000   
86  0.900000  1.100000   
87  0.900000  1.100000   
88  0.900000  1.100000   
89  0.900000  1.100000   
90  0.900000  1.100000   
91  0.900000  1.100000   
92  0.900000  1.100000   
93  0.900000  1.100000   
94  0.900000  1.100000   
95  0.900000  1.100000   
96  0.900000  1.100000   
97  0.900000  1.100000   
98  0.900000  1.100000   
99  0.900000  1.100000   
100  0.900000  1.100000   
101  0.900000  1.100000   
102  0.900000  1.100000   
103  0.900000  1.100000   
104  0.900000  1.100000   
105  0.900000  1.100000   
106  0.900000  1.100000   
107  0.900000  1.100000   
108  0.900000  1.100000   
109  0.900000  1.100000   
110  0.900000  1.100000   
111  0.900000  1.100000   
112  0.900000  1.100000   
113  0.900000  1.100000   
114  0.900000  1.100000   
115  0.900000  1.100000   
116  0.900000  1.100000   
117  0.900000  1.100000   
118  0.900000  1.100000   
0 
0
0
0
